15.0 0.7 1.0 -0.7 0.4 1.0 1.0 -0.4 -0.8 -0.2 -3.5
-0.1 14.0 -0.2 0.5 -0.8 -0.6 1.0 -1.0 0.7 -0.4 -6.5
0.5 -0.7 14.5 -1.0 -0.7 -0.5 -0.7 0.5 -1.0 -0.4 -9.0
-1.0 0.2 0.1 15.5 -0.6 0.5 -0.8 -0.2 0.5 0.7 5.5
1.0 0.8 1.0 0.9 12.5 0.2 0.2 0.7 -0.2 1.0 -2.5
0.2 0.1 -0.7 -0.2 0.1 13.5 0.5 -0.1 -0.6 -0.8 2.5
-0.2 0.4 0.1 -0.5 0.4 -0.2 14.5 -0.4 -0.5 0.4 5.0
0.8 1.0 -0.6 -0.6 0.4 0.2 -0.6 13.5 0.8 -0.2 5.0
0.4 -0.6 -0.6 0.0 -0.6 0.2 0.3 -0.4 14.5 -0.7 -1.5
0.4 1.0 0.1 0.8 0.2 -0.2 0.1 -0.1 -0.2 13.5 -5.5

