106.62 8.48 2.78 3.07 0.42 5.51 9.69 5.94 5.98 7.97 9.96 4.34 5.27 3.91 9.95 1.65 4.38 6.92 3.50 2.30 9.45
4.76 73.14 0.12 5.67 5.61 0.85 7.48 1.16 3.37 9.94 1.85 3.25 0.14 4.33 2.01 7.32 2.28 7.24 3.11 0.21 6.70
7.75 5.99 107.34 6.65 4.58 3.26 9.58 2.24 9.41 6.59 0.07 8.43 0.00 4.25 8.08 4.18 9.09 4.24 1.37 4.22 6.33
7.69 0.27 0.76 140.19 8.89 6.12 9.15 6.11 9.34 4.39 7.15 8.79 8.72 4.45 9.38 7.94 6.93 8.47 8.49 7.70 3.24
0.54 1.70 3.19 7.18 80.13 1.96 0.57 0.47 0.04 3.38 6.62 6.13 7.74 9.15 7.28 6.33 0.08 1.68 0.36 9.26 7.48
7.19 3.41 0.27 9.39 0.36 103.61 9.31 1.79 8.95 3.11 7.44 6.55 3.62 7.32 1.53 4.07 9.70 3.65 0.40 9.27 8.62
0.57 7.43 1.42 5.47 5.52 4.16 87.71 6.35 8.47 1.20 0.99 3.15 2.20 4.13 8.16 3.71 1.63 4.40 2.85 8.51 8.03
3.23 7.38 8.15 5.35 8.87 8.04 2.70 114.48 4.04 3.52 7.33 9.36 8.50 8.05 4.65 2.84 3.22 0.88 7.54 1.20 1.55
7.59 7.51 2.80 0.52 2.17 5.91 6.21 2.31 109.22 9.31 1.21 8.98 5.38 6.36 6.51 7.85 5.97 4.93 8.12 4.15 5.79
2.78 0.27 2.39 2.06 3.42 3.51 6.66 7.80 6.13 97.98 9.73 2.32 7.54 7.96 7.84 6.91 7.04 3.57 1.03 7.99 9.19
5.21 0.30 7.05 6.42 4.51 3.59 6.42 6.89 2.25 2.25 101.52 5.69 3.12 8.42 2.86 5.38 2.60 8.53 7.58 8.47 8.56
3.95 2.14 7.07 3.99 4.77 1.11 1.90 4.82 5.88 1.73 6.64 76.60 5.40 3.65 0.24 5.35 2.47 8.12 2.23 2.94 3.53
8.82 3.50 5.09 8.90 9.16 6.42 8.50 7.09 5.78 6.74 0.61 5.94 115.93 8.73 5.13 5.09 0.85 4.91 0.38 3.88 6.34
0.66 8.47 6.49 0.01 3.13 8.59 5.80 2.30 1.96 7.04 1.02 7.12 3.31 80.18 3.10 0.12 1.73 3.40 6.96 4.74 5.76
7.17 2.07 8.31 3.87 9.75 4.91 7.26 8.77 0.76 5.01 7.48 0.92 4.81 9.17 122.72 8.99 0.68 8.03 7.56 8.08 0.41
0.46 5.68 2.18 8.95 0.06 3.11 6.42 0.91 3.83 2.01 7.73 8.65 4.64 1.62 6.28 82.50 5.00 7.00 1.73 1.36 7.08
1.22 3.70 7.82 8.57 8.45 6.91 8.53 1.18 6.44 4.32 2.88 6.71 9.11 4.64 6.23 9.84 128.89 5.51 7.21 9.14 8.18
3.29 5.70 7.00 1.35 4.59 5.78 1.64 8.66 1.48 8.95 5.62 5.94 1.93 6.29 7.96 3.84 5.36 104.78 6.55 7.69 1.39
4.58 1.15 2.42 8.43 5.49 0.27 8.24 7.19 6.68 1.31 5.79 2.49 4.48 8.56 3.55 1.34 1.06 6.88 99.95 9.10 9.67
0.01 3.14 9.34 9.29 2.31 5.18 9.54 3.86 6.01 2.94 5.16 0.68 9.14 2.00 0.86 5.58 2.57 4.01 9.17 93.97 0.96

