-9 7,01387
-8,83333 7,01387
-8,66667 7,01387
-8,5 7,01387
-8,33333 7,01387
-8,16667 7,01387
-8 6,95172
-7,83333 6,95172
-7,66667 6,95172
-7,5 6,95172
-7,33333 6,89736
-7,16667 6,84906
-7 6,80559
-6,83333 6,69645
-6,66667 6,6093
-6,5 6,4746
-6,33333 6,32847
-6,16667 6,16877
-6 6,01054
-5,83333 5,85597
-5,66667 5,69806
-5,5 5,54688
-5,33333 5,39784
-5,16667 5,25449
-5 5,11624
-4,83333 4,98386
-4,66667 4,85806
-4,5 4,73811
-4,33333 4,62361
-4,16667 4,51386
-4 4,40856
-3,83333 4,30662
-3,66667 4,20795
-3,5 4,11191
-3,33333 4,018
-3,16667 3,92589
-3 3,83531
-2,83333 3,74603
-2,66667 3,65774
-2,5 3,57034
-2,33333 3,48364
-2,16667 3,39752
-2 3,31188
-1,83333 3,22666
-1,66667 3,14176
-1,5 3,05713
-1,33333 2,97274
-1,16667 2,88852
-1 2,80446
-0,833333 2,72053
-0,666667 2,6367
-0,5 2,55296
-0,333333 2,46929
-0,166667 2,38568
-1,10898e-15 2,30212
